#! FIELDS time l30 metad.bias
 2.000000 -0.437677 0.000000
 4.000000 -0.438030 0.999998
 6.000000 -0.429440 1.977370
 8.000000 -0.431171 2.937115
 10.000000 -0.434954 3.877422
 12.000000 -0.414412 4.775213
 14.000000 -0.426849 5.697960
 16.000000 -0.427036 6.584788
 18.000000 -0.430861 7.455934
 20.000000 -0.433896 8.309012
 22.000000 -0.491019 8.741413
 24.000000 -0.476142 9.744537
 26.000000 -0.419673 10.698532
 28.000000 -0.431452 11.535474
 30.000000 -0.415674 12.255795
 32.000000 -0.426363 13.078183
 34.000000 -0.427993 13.841434
 36.000000 -0.435464 14.596162
 38.000000 -0.430307 15.327477
 40.000000 -0.427475 16.044794
 42.000000 -0.432246 16.766258
 44.000000 -0.431554 17.467618
 46.000000 -0.509716 16.914961
 48.000000 -0.467163 18.599359
 50.000000 -0.431270 19.471627
 52.000000 -0.428562 20.124441
 54.000000 -0.424332 20.754982
 56.000000 -0.428861 21.424959
 58.000000 -0.431345 22.070111
 60.000000 -0.433569 22.702839
 62.000000 -0.431654 23.318028
 64.000000 -0.431827 23.929883
 66.000000 -0.432392 24.534825
 68.000000 -0.480253 24.535042
 70.000000 -0.459352 25.559598
 72.000000 -0.459665 26.138310
 74.000000 -0.431404 26.854348
 76.000000 -0.432607 27.426610
 78.000000 -0.429131 27.970513
 80.000000 -0.437261 28.550274
 82.000000 -0.426271 29.051327
 84.000000 -0.451510 29.565991
 86.000000 -0.431393 30.158496
 88.000000 -0.431884 30.689923
 90.000000 -0.438983 31.224434
 92.000000 -0.488234 30.746726
 94.000000 -0.483974 31.427376
 96.000000 -0.463576 32.507791
 98.000000 -0.505052 31.524653
 100.000000 -0.429776 33.692306
 102.000000 -0.444361 34.221954
 104.000000 -0.486166 33.822566
 106.000000 -0.413271 34.862577
 108.000000 -0.526617 32.547924
 110.000000 -0.497337 34.770959
 112.000000 -0.492693 35.463933
 114.000000 -0.469030 36.738527
 116.000000 -0.429640 37.417777
 118.000000 -0.429953 37.875724
 120.000000 -0.431119 38.339084
 122.000000 -0.501014 37.264932
 124.000000 -0.439617 39.279505
 126.000000 -0.431654 39.655405
 128.000000 -0.413718 39.725279
 130.000000 -0.427506 40.463839
 132.000000 -0.443588 41.007654
 134.000000 -0.434976 41.397364
 136.000000 -0.423014 41.645750
 138.000000 -0.430612 42.185131
 140.000000 -0.459954 42.508610
 142.000000 -0.488791 41.960036
 144.000000 -0.527584 39.819407
 146.000000 -0.520439 40.821233
 148.000000 -0.526767 40.740742
 150.000000 -0.462629 44.489574
 152.000000 -0.472342 44.645378
 154.000000 -0.447912 45.427704
 156.000000 -0.482846 45.043873
 158.000000 -0.518942 43.276468
 160.000000 -0.483175 45.811778
 162.000000 -0.532747 42.892412
 164.000000 -0.536648 42.938746
 166.000000 -0.501537 46.054890
 168.000000 -0.490193 47.043909
 170.000000 -0.430548 48.206857
 172.000000 -0.419717 48.264891
 174.000000 -0.430704 48.932471
 176.000000 -0.431870 49.312735
 178.000000 -0.513510 47.317230
 180.000000 -0.523531 46.880639
 182.000000 -0.494491 49.289379
 184.000000 -0.506018 48.942719
 186.000000 -0.450927 51.214425
 188.000000 -0.429365 51.285632
 190.000000 -0.476414 51.449748
 192.000000 -0.515903 49.543119
 194.000000 -0.523972 49.219094
 196.000000 -0.496613 51.568364
 198.000000 -0.494419 52.027878
 200.000000 -0.492623 52.457547
 202.000000 -0.457102 53.849960
 204.000000 -0.480857 53.637181
 206.000000 -0.483476 53.856121
 208.000000 -0.463794 54.735890
 210.000000 -0.434982 54.939461
 212.000000 -0.483908 54.777107
 214.000000 -0.428035 55.363085
 216.000000 -0.428841 55.700024
 218.000000 -0.423802 55.831864
 220.000000 -0.441530 56.608783
 222.000000 -0.430643 56.673804
 224.000000 -0.428131 56.898294
 226.000000 -0.441972 57.520108
 228.000000 -0.431459 57.597391
 230.000000 -0.482149 57.514964
 232.000000 -0.464263 58.357791
 234.000000 -0.517144 55.776776
 236.000000 -0.413686 58.006120
 238.000000 -0.428297 58.944017
 240.000000 -0.433047 59.376818
 242.000000 -0.419963 59.186396
 244.000000 -0.431318 59.899999
 246.000000 -0.433517 60.243742
 248.000000 -0.434797 60.556631
 250.000000 -0.435394 60.849559
 252.000000 -0.422352 60.695125
 254.000000 -0.434068 61.371442
 256.000000 -0.457797 61.824339
 258.000000 -0.331481 52.200488
 260.000000 -0.357729 56.210140
 262.000000 -0.329154 52.478654
 264.000000 -0.326040 52.324428
 266.000000 -0.326744 52.766250
 268.000000 -0.329541 53.528770
 270.000000 -0.325031 53.148803
 272.000000 -0.326624 53.724952
 274.000000 -0.337811 55.741511
 276.000000 -0.343312 56.840116
 278.000000 -0.335021 55.939132
 280.000000 -0.336371 56.446565
 282.000000 -0.335589 56.634679
 284.000000 -0.335442 56.915532
 286.000000 -0.326709 55.881920
 288.000000 -0.344636 58.846926
 290.000000 -0.334438 57.662498
 292.000000 -0.325589 56.596743
 294.000000 -0.331728 57.852347
 296.000000 -0.330055 57.891310
 298.000000 -0.329319 58.072456
 300.000000 -0.331413 58.687720
 302.000000 -0.327072 58.306099
 304.000000 -0.333800 59.631007
 306.000000 -0.342549 61.187356
 308.000000 -0.330192 59.641313
 310.000000 -0.326410 59.336412
 312.000000 -0.324619 59.338505
 314.000000 -0.338800 61.781698
 316.000000 -0.326488 60.191643
 318.000000 -0.338213 62.248497
 320.000000 -0.324550 60.433314
 322.000000 -0.333635 62.120446
 324.000000 -0.331984 62.140700
 326.000000 -0.348731 64.794289
 328.000000 -0.326239 61.772942
 330.000000 -0.328585 62.412746
 332.000000 -0.338941 64.233385
 334.000000 -0.326627 62.631150
 336.000000 -0.329021 63.272710
 338.000000 -0.336876 64.720719
 340.000000 -0.336124 64.865570
 342.000000 -0.325471 63.486581
 344.000000 -0.327775 64.112626
 346.000000 -0.328963 64.556441
 348.000000 -0.341720 66.699564
 350.000000 -0.334003 65.825879
 352.000000 -0.334402 66.134792
 354.000000 -0.325996 65.087235
 356.000000 -0.328358 65.712644
 358.000000 -0.326648 65.693821
 360.000000 -0.327110 66.016785
 362.000000 -0.329530 66.643226
 364.000000 -0.325500 66.254917
 366.000000 -0.327779 66.862438
 368.000000 -0.328275 67.184020
 370.000000 -0.325874 67.047700
 372.000000 -0.325677 67.259298
 374.000000 -0.326445 67.623271
 376.000000 -0.325731 67.749981
 378.000000 -0.329890 68.641372
 380.000000 -0.332793 69.318845
 382.000000 -0.335891 70.010990
 384.000000 -0.327428 68.952445
 386.000000 -0.330862 69.718883
 388.000000 -0.329220 69.695531
 390.000000 -0.326666 69.525018
 392.000000 -0.340168 71.776127
 394.000000 -0.329657 70.443151
 396.000000 -0.327801 70.380240
 398.000000 -0.340653 72.515912
 400.000000 -0.336304 72.111065
 402.000000 -0.331390 71.596456
 404.000000 -0.329655 71.550789
 406.000000 -0.330843 71.954633
 408.000000 -0.325135 71.278197
 410.000000 -0.327112 71.815356
 412.000000 -0.353800 75.758764
 414.000000 -0.326034 72.064187
 416.000000 -0.332909 73.348540
 418.000000 -0.329517 73.043321
 420.000000 -0.324955 72.536513
 422.000000 -0.339150 74.902416
 424.000000 -0.341041 75.373236
 426.000000 -0.327481 73.564363
 428.000000 -0.332066 74.485501
 430.000000 -0.327445 73.978132
 432.000000 -0.328407 74.339269
 434.000000 -0.338936 76.118420
 436.000000 -0.329046 74.847755
 438.000000 -0.340232 76.707157
 440.000000 -0.366592 80.038845
 442.000000 -0.348658 78.211784
 444.000000 -0.331658 76.027206
 446.000000 -0.370059 80.938470
 448.000000 -0.339033 77.491565
 450.000000 -0.325679 75.663346
 452.000000 -0.329899 76.533049
 454.000000 -0.326790 76.242841
 456.000000 -0.332066 77.264658
 458.000000 -0.324925 76.338813
 460.000000 -0.325788 76.677984
 462.000000 -0.339276 78.914326
 464.000000 -0.334303 78.383423
 466.000000 -0.337615 79.058502
 468.000000 -0.327530 77.722869
 470.000000 -0.332432 78.676574
 472.000000 -0.332717 78.909898
 474.000000 -0.324339 77.782367
 476.000000 -0.327538 78.490912
 478.000000 -0.331207 79.253761
 480.000000 -0.326749 78.744099
 482.000000 -0.328405 79.196400
 484.000000 -0.328693 79.429823
 486.000000 -0.328362 79.564784
 488.000000 -0.331200 80.192126
 490.000000 -0.324606 79.333842
 492.000000 -0.340947 81.981047
 494.000000 -0.341568 82.243600
 496.000000 -0.326218 80.134798
 498.000000 -0.326471 80.359756
 500.000000 -0.330381 81.158597
 502.000000 -0.346886 83.668690
 504.000000 -0.325445 80.728403
 506.000000 -0.326837 81.134523
 508.000000 -0.325199 81.050979
 510.000000 -0.329467 81.911076
 512.000000 -0.336803 83.189064
 514.000000 -0.324338 81.441577
 516.000000 -0.331219 82.711297
 518.000000 -0.328986 82.540032
 520.000000 -0.330158 82.897849
 522.000000 -0.335223 83.834904
 524.000000 -0.333984 83.822565
 526.000000 -0.335578 84.227755
 528.000000 -0.324469 82.675321
 530.000000 -0.335204 84.516655
 532.000000 -0.330401 83.961945
 534.000000 -0.334484 84.748831
 536.000000 -0.324381 83.340448
 538.000000 -0.333006 84.868190
 540.000000 -0.330755 84.692851
 542.000000 -0.324589 83.880959
 544.000000 -0.328976 84.754402
 546.000000 -0.328712 84.880167
 548.000000 -0.340486 86.781322
 550.000000 -0.337003 86.452982
 552.000000 -0.330039 85.575357
 554.000000 -0.398040 92.015663
 556.000000 -0.328461 85.627948
 558.000000 -0.327610 85.657225
 560.000000 -0.362050 90.266709
 562.000000 -0.325085 85.560305
 564.000000 -0.333182 86.994703
 566.000000 -0.336503 87.642878
 568.000000 -0.383537 92.511103
 570.000000 -0.376530 92.227233
 572.000000 -0.327212 86.660390
 574.000000 -0.326613 86.724751
 576.000000 -0.331659 87.678535
 578.000000 -0.328133 87.285901
 580.000000 -0.326967 87.257849
 582.000000 -0.324705 87.048203
 584.000000 -0.330078 88.068199
 586.000000 -0.327161 87.762871
 588.000000 -0.326137 87.754564
 590.000000 -0.348385 91.086740
 592.000000 -0.327727 88.312962
 594.000000 -0.331042 88.988083
 596.000000 -0.331806 89.258107
 598.000000 -0.325811 88.463881
 600.000000 -0.327026 88.815356
 602.000000 -0.336538 90.420338
 604.000000 -0.329527 89.514320
 606.000000 -0.331171 89.920584
 608.000000 -0.331902 90.182441
 610.000000 -0.325498 89.319371
 612.000000 -0.340330 91.703241
 614.000000 -0.331646 90.588579
 616.000000 -0.333828 91.065758
 618.000000 -0.332920 91.076232
 620.000000 -0.333093 91.248503
 622.000000 -0.331806 91.199472
 624.000000 -0.326158 90.454930
 626.000000 -0.324735 90.369890
 628.000000 -0.325864 90.703838
 630.000000 -0.330402 91.573636
 632.000000 -0.326414 91.085696
 634.000000 -0.330853 91.934534
 636.000000 -0.329352 91.844580
 638.000000 -0.328146 91.797913
 640.000000 -0.326846 91.733687
 642.000000 -0.328871 92.201410
 644.000000 -0.328706 92.318182
 646.000000 -0.346072 94.924341
 648.000000 -0.329371 92.700040
 650.000000 -0.353177 96.038086
 652.000000 -0.513744 86.491374
 654.000000 -0.434241 98.180776
 656.000000 -0.473697 94.063182
 658.000000 -0.499431 89.817082
 660.000000 -0.548585 78.810081
 662.000000 -0.457993 96.588673
 664.000000 -0.504206 89.342297
 666.000000 -0.467907 95.622660
 668.000000 -0.556479 77.332368
 670.000000 -0.538360 82.154826
 672.000000 -0.511858 88.414718
 674.000000 -0.511267 88.694132
 676.000000 -0.518369 87.315911
 678.000000 -0.429164 100.188491
 680.000000 -0.421297 100.648436
 682.000000 -0.438589 99.840652
 684.000000 -0.501264 91.373993
 686.000000 -0.518606 87.894509
 688.000000 -0.490630 93.657084
 690.000000 -0.511124 89.809002
 692.000000 -0.508633 90.480263
 694.000000 -0.474763 96.669738
 696.000000 -0.522586 87.717508
 698.000000 -0.522019 88.003765
 700.000000 -0.521859 88.196081
 702.000000 -0.518583 89.087385
 704.000000 -0.536834 84.956371
 706.000000 -0.523792 88.229307
 708.000000 -0.529426 87.069723
 710.000000 -0.493809 94.739293
 712.000000 -0.515989 90.425923
 714.000000 -0.532699 86.726733
 716.000000 -0.517798 90.336915
 718.000000 -0.491827 95.683350
 720.000000 -0.485409 96.920213
 722.000000 -0.532089 87.438646
 724.000000 -0.532921 87.395505
 726.000000 -0.541906 85.327233
 728.000000 -0.566124 79.053503
 730.000000 -0.518829 91.179057
 732.000000 -0.546898 84.546544
 734.000000 -0.490127 97.195695
 736.000000 -0.539514 86.719502
 738.000000 -0.508626 93.963736
 740.000000 -0.505556 94.726028
 742.000000 -0.501845 95.595264
 744.000000 -0.518587 92.237468
 746.000000 -0.530545 89.621095
 748.000000 -0.474656 100.619406
 750.000000 -0.512964 93.871265
 752.000000 -0.517078 93.118865
 754.000000 -0.500208 96.731929
 756.000000 -0.506360 95.650796
 758.000000 -0.526124 91.470613
 760.000000 -0.515609 93.987121
 762.000000 -0.525551 91.886580
 764.000000 -0.527857 91.490306
 766.000000 -0.493769 98.754764
 768.000000 -0.523752 92.714834
 770.000000 -0.508032 96.278088
 772.000000 -0.483054 100.958609
 774.000000 -0.543446 88.295542
 776.000000 -0.534038 90.813194
 778.000000 -0.517259 94.866042
 780.000000 -0.536183 90.566541
 782.000000 -0.519408 94.672097
 784.000000 -0.501016 98.633679
 786.000000 -0.496100 99.680023
 788.000000 -0.555874 85.962306
 790.000000 -0.492552 100.594188
 792.000000 -0.536436 91.308381
 794.000000 -0.494515 100.507357
 796.000000 -0.500112 99.592887
 798.000000 -0.510373 97.669997
 800.000000 -0.600558 73.717094
 802.000000 -0.535808 92.174126
 804.000000 -0.491078 101.802897
 806.000000 -0.480169 103.677788
 808.000000 -0.481502 103.588150
 810.000000 -0.554616 87.751145
 812.000000 -0.492055 102.124261
 814.000000 -0.529953 94.345313
 816.000000 -0.518550 97.114971
 818.000000 -0.513024 98.444150
 820.000000 -0.498999 101.374132
 822.000000 -0.556765 87.928935
 824.000000 -0.465167 106.802463
 826.000000 -0.489455 103.440932
 828.000000 -0.513380 98.977757
 830.000000 -0.514913 98.772950
 832.000000 -0.531236 95.155039
 834.000000 -0.507333 100.616356
 836.000000 -0.504094 101.381774
 838.000000 -0.510464 100.211290
 840.000000 -0.543122 92.662626
 842.000000 -0.521989 97.959839
 844.000000 -0.463355 108.195096
 846.000000 -0.519838 98.670142
 848.000000 -0.501999 102.516133
 850.000000 -0.504844 102.076582
 852.000000 -0.427802 111.081860
 854.000000 -0.428935 111.147080
 856.000000 -0.430978 111.179519
 858.000000 -0.425848 111.414992
 860.000000 -0.428809 111.437484
 862.000000 -0.435690 111.280541
 864.000000 -0.513082 101.027549
 866.000000 -0.533475 96.434260
 868.000000 -0.485914 106.379926
 870.000000 -0.517984 100.311957
 872.000000 -0.524786 98.880249
 874.000000 -0.512925 101.659220
 876.000000 -0.541299 95.045841
 878.000000 -0.478453 108.106683
 880.000000 -0.502162 104.199818
 882.000000 -0.498075 105.084173
 884.000000 -0.517896 101.145954
 886.000000 -0.489809 106.771294
 888.000000 -0.499927 105.069546
 890.000000 -0.506067 103.982135
 892.000000 -0.550423 93.500557
 894.000000 -0.514508 102.468766
 896.000000 -0.553393 92.938718
 898.000000 -0.527816 99.688983
 900.000000 -0.554302 92.949004
 902.000000 -0.557500 92.196889
 904.000000 -0.623312 72.035467
 906.000000 -0.624738 71.791638
 908.000000 -0.636124 68.310746
 910.000000 -0.636143 68.540918
 912.000000 -0.613642 76.070983
 914.000000 -0.627728 71.712378
 916.000000 -0.636977 68.924814
 918.000000 -0.609858 77.938368
 920.000000 -0.630198 71.555274
 922.000000 -0.624530 73.617348
 924.000000 -0.630160 71.999922
 926.000000 -0.621103 75.158327
 928.000000 -0.628356 73.010146
 930.000000 -0.635600 70.866981
 932.000000 -0.627878 73.603810
 934.000000 -0.628610 73.577441
 936.000000 -0.637122 71.018521
 938.000000 -0.625849 74.908984
 940.000000 -0.606486 81.342689
 942.000000 -0.632112 73.257402
 944.000000 -0.619464 77.574187
 946.000000 -0.624121 76.261690
 948.000000 -0.611425 80.552910
 950.000000 -0.599727 84.443323
 952.000000 -0.630849 74.624007
 954.000000 -0.636007 73.149174
 956.000000 -0.624431 77.131189
 958.000000 -0.636798 73.300723
 960.000000 -0.626529 76.859003
 962.000000 -0.626276 77.138778
 964.000000 -0.613391 81.493343
 966.000000 -0.618982 79.875223
 968.000000 -0.613654 81.773623
 970.000000 -0.625950 77.982811
 972.000000 -0.616286 81.299502
 974.000000 -0.614216 82.144023
 976.000000 -0.620136 80.415614
 978.000000 -0.627000 78.373679
 980.000000 -0.624733 79.301621
 982.000000 -0.630545 77.597900
 984.000000 -0.629604 78.099373
 986.000000 -0.608842 84.981631
 988.000000 -0.633768 77.097781
 990.000000 -0.619072 82.069792
 992.000000 -0.626963 79.690689
 994.000000 -0.613229 84.308352
 996.000000 -0.609833 85.559274
 998.000000 -0.621127 82.102171
 1000.000000 -0.634901 77.793415
 1002.000000 -0.628263 80.155874
 1004.000000 -0.638257 77.070834
 1006.000000 -0.627045 80.933172
 1008.000000 -0.599361 89.937725
 1010.000000 -0.608292 87.289044
 1012.000000 -0.629363 80.665479
 1014.000000 -0.633562 79.474823
 1016.000000 -0.612733 86.404503
 1018.000000 -0.623802 83.004910
 1020.000000 -0.630124 81.120416
 1022.000000 -0.623332 83.511337
 1024.000000 -0.613238 86.929453
 1026.000000 -0.623740 83.710091
 1028.000000 -0.605617 89.671912
 1030.000000 -0.631851 81.387255
 1032.000000 -0.624243 84.047597
 1034.000000 -0.633064 81.339223
 1036.000000 -0.633352 81.424551
 1038.000000 -0.636961 80.418338
 1040.000000 -0.625628 84.309139
 1042.000000 -0.611368 89.061272
 1044.000000 -0.598732 93.165545
 1046.000000 -0.617941 87.254356
 1048.000000 -0.635463 81.710118
 1050.000000 -0.635686 81.815196
 1052.000000 -0.638604 81.031973
 1054.000000 -0.632392 83.255761
 1056.000000 -0.626185 85.455402
 1058.000000 -0.623648 86.443723
 1060.000000 -0.634014 83.221840
 1062.000000 -0.629733 84.797335
 1064.000000 -0.600145 94.385777
 1066.000000 -0.628794 85.406006
 1068.000000 -0.625948 86.498650
 1070.000000 -0.616518 89.702591
 1072.000000 -0.606581 92.998551
 1074.000000 -0.614121 90.758678
 1076.000000 -0.629569 85.916080
 1078.000000 -0.633013 84.950359
 1080.000000 -0.636331 84.024683
 1082.000000 -0.629528 86.428691
 1084.000000 -0.607086 93.784119
 1086.000000 -0.604177 94.828910
 1088.000000 -0.632892 85.758680
 1090.000000 -0.622851 89.198549
 1092.000000 -0.622250 89.544964
 1094.000000 -0.627993 87.830208
 1096.000000 -0.635801 85.423849
 1098.000000 -0.618005 91.384030
 1100.000000 -0.621691 90.343331
 1102.000000 -0.624558 89.563669
 1104.000000 -0.616951 92.166225
 1106.000000 -0.636265 86.021948
 1108.000000 -0.616716 92.546417
 1110.000000 -0.630500 88.223502
 1112.000000 -0.622959 90.835666
 1114.000000 -0.597315 99.037153
 1116.000000 -0.622326 91.310271
 1118.000000 -0.630203 88.891022
 1120.000000 -0.598147 99.204446
 1122.000000 -0.625495 90.703696
 1124.000000 -0.621765 92.060115
 1126.000000 -0.626930 90.527108
 1128.000000 -0.626089 90.949050
 1130.000000 -0.583429 104.251191
 1132.000000 -0.624753 91.638811
 1134.000000 -0.620119 93.282467
 1136.000000 -0.618846 93.831321
 1138.000000 -0.614719 95.287878
 1140.000000 -0.612324 96.181147
 1142.000000 -0.632299 89.856003
 1144.000000 -0.617465 94.827278
 1146.000000 -0.629559 91.042051
 1148.000000 -0.632202 90.319456
 1150.000000 -0.630946 90.881792
 1152.000000 -0.630737 91.097322
 1154.000000 -0.626710 92.562167
 1156.000000 -0.617964 95.531415
 1158.000000 -0.632308 91.001334
 1160.000000 -0.630725 91.668809
 1162.000000 -0.617938 95.963580
 1164.000000 -0.634018 90.859594
 1166.000000 -0.631929 91.695778
 1168.000000 -0.633095 91.456007
 1170.000000 -0.637545 90.126859
 1172.000000 -0.640101 89.424913
 1174.000000 -0.630448 92.773353
 1176.000000 -0.616966 97.281343
 1178.000000 -0.629769 93.265748
 1180.000000 -0.637664 90.796589
 1182.000000 -0.626557 94.602744
 1184.000000 -0.627225 94.520776
 1186.000000 -0.553255 115.946590
 1188.000000 -0.567713 112.445451
 1190.000000 -0.570681 111.760722
 1192.000000 -0.565998 113.076530
 1194.000000 -0.577323 110.158354
 1196.000000 -0.557604 115.367388
 1198.000000 -0.553221 116.505078
 1200.000000 -0.558510 115.319437
 1202.000000 -0.544323 118.704674
 1204.000000 -0.577206 110.628213
 1206.000000 -0.565725 113.774895
 1208.000000 -0.608212 101.692098
 1210.000000 -0.633882 93.519214
 1212.000000 -0.615547 99.633864
 1214.000000 -0.634930 93.431316
 1216.000000 -0.635326 93.438541
 1218.000000 -0.630090 95.314315
 1220.000000 -0.630700 95.246669
 1222.000000 -0.619344 99.085087
 1224.000000 -0.627039 96.708786
 1226.000000 -0.623660 97.942076
 1228.000000 -0.603445 104.462557
 1230.000000 -0.627452 96.939595
 1232.000000 -0.627026 97.208567
 1234.000000 -0.627169 97.290180
 1236.000000 -0.599850 106.049475
 1238.000000 -0.607771 103.728766
 1240.000000 -0.627473 97.536229
 1242.000000 -0.621950 99.465358
 1244.000000 -0.630329 96.845572
 1246.000000 -0.615690 101.728098
 1248.000000 -0.620111 100.428588
 1250.000000 -0.628642 97.768183
 1252.000000 -0.621618 100.188859
 1254.000000 -0.604207 105.801963
 1256.000000 -0.621783 100.362962
 1258.000000 -0.637231 95.387565
 1260.000000 -0.627825 98.645088
 1262.000000 -0.613768 103.307197
 1264.000000 -0.630620 97.960838
 1266.000000 -0.629411 98.486880
 1268.000000 -0.629795 98.485038
 1270.000000 -0.608915 105.318503
 1272.000000 -0.629830 98.706597
 1274.000000 -0.615732 103.405444
 1276.000000 -0.612309 104.601299
 1278.000000 -0.619471 102.432184
 1280.000000 -0.630793 98.849658
 1282.000000 -0.604299 107.435689
 1284.000000 -0.628938 99.689721
 1286.000000 -0.624268 101.343175
 1288.000000 -0.623729 101.636599
 1290.000000 -0.619941 102.980299
 1292.000000 -0.600698 109.100531
 1294.000000 -0.607960 106.981285
 1296.000000 -0.622288 102.539502
 1298.000000 -0.623204 102.357007
 1300.000000 -0.627440 101.087243
 1302.000000 -0.619302 103.852387
 1304.000000 -0.621899 103.126201
 1306.000000 -0.628752 100.998628
 1308.000000 -0.625998 102.022751
 1310.000000 -0.591394 112.850809
 1312.000000 -0.599537 110.548991
 1314.000000 -0.628937 101.359262
 1316.000000 -0.626259 102.358508
 1318.000000 -0.618763 104.906426
 1320.000000 -0.624983 103.000973
 1322.000000 -0.627578 102.263404
 1324.000000 -0.622785 103.946341
 1326.000000 -0.630463 101.537404
 1328.000000 -0.634077 100.451233
 1330.000000 -0.611392 107.930085
 1332.000000 -0.626207 103.280523
 1334.000000 -0.634250 100.728285
 1336.000000 -0.606198 109.873717
 1338.000000 -0.633022 101.355719
 1340.000000 -0.620494 105.587178
 1342.000000 -0.625960 103.917395
 1344.000000 -0.615360 107.448580
 1346.000000 -0.624731 104.534720
 1348.000000 -0.635856 100.956092
 1350.000000 -0.628610 103.489521
 1352.000000 -0.611313 109.166706
 1354.000000 -0.634107 101.873506
 1356.000000 -0.625123 104.963898
 1358.000000 -0.629555 103.614937
 1360.000000 -0.606751 111.016014
 1362.000000 -0.614946 108.556790
 1364.000000 -0.614366 108.841630
 1366.000000 -0.629186 104.146052
 1368.000000 -0.637348 101.528336
 1370.000000 -0.621581 106.863015
 1372.000000 -0.626416 105.392318
 1374.000000 -0.618332 108.121440
 1376.000000 -0.630166 104.364727
 1378.000000 -0.621399 107.347570
 1380.000000 -0.612654 110.237048
 1382.000000 -0.614771 109.668186
 1384.000000 -0.625549 106.297339
 1386.000000 -0.617294 109.071871
 1388.000000 -0.625148 106.634535
 1390.000000 -0.613911 110.349703
 1392.000000 -0.615076 110.079324
 1394.000000 -0.630543 105.156147
 1396.000000 -0.612227 111.182323
 1398.000000 -0.625186 107.126998
 1400.000000 -0.611528 111.600544
 1402.000000 -0.626281 106.967222
 1404.000000 -0.622663 108.253067
 1406.000000 -0.600076 115.391933
 1408.000000 -0.620458 109.155281
 1410.000000 -0.629810 106.195035
 1412.000000 -0.626798 107.296799
 1414.000000 -0.626005 107.661211
 1416.000000 -0.628692 106.879072
 1418.000000 -0.635881 104.581564
 1420.000000 -0.614501 111.682701
 1422.000000 -0.630829 106.479073
 1424.000000 -0.625926 108.205508
 1426.000000 -0.614026 112.134101
 1428.000000 -0.640466 103.529811
 1430.000000 -0.629925 107.193526
 1432.000000 -0.637851 104.636614
 1434.000000 -0.629618 107.509165
 1436.000000 -0.629552 107.634452
 1438.000000 -0.611493 113.551484
 1440.000000 -0.631485 107.185615
 1442.000000 -0.630758 107.531888
 1444.000000 -0.608243 114.854132
 1446.000000 -0.637772 105.365248
 1448.000000 -0.626992 109.078132
 1450.000000 -0.597894 118.253034
 1452.000000 -0.639927 104.920743
 1454.000000 -0.629787 108.444946
 1456.000000 -0.621183 111.364083
 1458.000000 -0.622803 110.935135
 1460.000000 -0.629632 108.789381
 1462.000000 -0.627091 109.730015
 1464.000000 -0.622424 111.353657
 1466.000000 -0.614296 114.045233
 1468.000000 -0.632307 108.282533
 1470.000000 -0.629389 109.356560
 1472.000000 -0.634637 107.701558
 1474.000000 -0.620349 112.513107
 1476.000000 -0.601859 118.338610
 1478.000000 -0.619266 113.035798
 1480.000000 -0.629574 109.764099
 1482.000000 -0.628067 110.361730
 1484.000000 -0.633768 108.559266
 1486.000000 -0.606075 117.540976
 1488.000000 -0.637230 107.573533
 1490.000000 -0.624489 111.922118
 1492.000000 -0.612729 115.773042
 1494.000000 -0.620601 113.363514
 1496.000000 -0.619569 113.786630
 1498.000000 -0.617686 114.478927
 1500.000000 -0.624129 112.491780
 1502.000000 -0.607797 117.747198
 1504.000000 -0.627188 111.665283
 1506.000000 -0.619564 114.239294
 1508.000000 -0.629114 111.212837
 1510.000000 -0.595989 121.613201
 1512.000000 -0.632704 110.186614
 1514.000000 -0.605979 118.836068
 1516.000000 -0.628192 111.868299
 1518.000000 -0.623570 113.479493
 1520.000000 -0.619644 114.839710
 1522.000000 -0.619203 115.069587
 1524.000000 -0.629694 111.732625
 1526.000000 -0.578910 126.986616
 1528.000000 -0.636452 109.622217
 1530.000000 -0.610786 118.068161
 1532.000000 -0.622386 114.475355
 1534.000000 -0.623936 114.060520
 1536.000000 -0.626474 113.319471
 1538.000000 -0.618283 116.065733
 1540.000000 -0.616330 116.772991
 1542.000000 -0.630700 112.181821
 1544.000000 -0.595044 123.369488
 1546.000000 -0.626827 113.633109
 1548.000000 -0.613037 118.151020
 1550.000000 -0.618498 116.509387
 1552.000000 -0.628910 113.202785
 1554.000000 -0.634555 111.403387
 1556.000000 -0.627139 113.976108
 1558.000000 -0.639411 109.935481
 1560.000000 -0.613082 118.678931
 1562.000000 -0.619397 116.763487
 1564.000000 -0.626604 114.507402
 1566.000000 -0.608141 120.459174
 1568.000000 -0.601415 122.555695
 1570.000000 -0.624676 115.382478
 1572.000000 -0.623895 115.725166
 1574.000000 -0.624014 115.773333
 1576.000000 -0.609594 120.429360
 1578.000000 -0.622224 116.520869
 1580.000000 -0.620675 117.106743
 1582.000000 -0.610410 120.426842
 1584.000000 -0.620382 117.364302
 1586.000000 -0.617109 118.494191
 1588.000000 -0.639030 111.322293
 1590.000000 -0.632073 113.780315
 1592.000000 -0.627797 115.296174
 1594.000000 -0.621266 117.518698
 1596.000000 -0.604334 122.870863
 1598.000000 -0.602249 123.565612
 1600.000000 -0.619905 118.188797
 1602.000000 -0.630379 114.839021
 1604.000000 -0.616906 119.316641
 1606.000000 -0.625506 116.622031
 1608.000000 -0.632938 114.235010
 1610.000000 -0.630257 115.224051
 1612.000000 -0.626754 116.474484
 1614.000000 -0.626724 116.569959
 1616.000000 -0.620236 118.767673
 1618.000000 -0.639246 112.517183
 1620.000000 -0.630546 115.560988
 1622.000000 -0.616359 120.264931
 1624.000000 -0.613481 121.247774
 1626.000000 -0.626850 117.031878
 1628.000000 -0.616415 120.488247
 1630.000000 -0.615429 120.878026
 1632.000000 -0.630417 116.088376
 1634.000000 -0.619450 119.765327
 1636.000000 -0.627146 117.341491
 1638.000000 -0.626498 117.639264
 1640.000000 -0.627477 117.399647
 1642.000000 -0.626227 117.895884
 1644.000000 -0.601282 125.757295
 1646.000000 -0.604490 124.879475
 1648.000000 -0.615685 121.517377
 1650.000000 -0.618048 120.845915
 1652.000000 -0.632874 116.059443
 1654.000000 -0.618495 120.867882
 1656.000000 -0.611736 123.068918
 1658.000000 -0.611171 123.317939
 1660.000000 -0.633200 116.261448
 1662.000000 -0.628475 117.930359
 1664.000000 -0.629593 117.641147
 1666.000000 -0.574267 133.872927
 1668.000000 -0.627146 118.594561
 1670.000000 -0.627640 118.512868
 1672.000000 -0.623129 120.075523
 1674.000000 -0.623869 119.914021
 1676.000000 -0.631146 117.584948
 1678.000000 -0.624891 119.743056
 1680.000000 -0.619312 121.629653
 1682.000000 -0.632466 117.381393
 1684.000000 -0.620143 121.524000
 1686.000000 -0.618247 122.207045
 1688.000000 -0.624747 120.183674
 1690.000000 -0.630724 118.282740
 1692.000000 -0.620858 121.608076
 1694.000000 -0.630564 118.495410
 1696.000000 -0.617388 122.876199
 1698.000000 -0.607215 126.099980
 1700.000000 -0.616236 123.385127
 1702.000000 -0.621062 121.919920
 1704.000000 -0.628644 119.512489
 1706.000000 -0.630367 119.017765
 1708.000000 -0.617548 123.281571
 1710.000000 -0.627647 120.079064
 1712.000000 -0.622501 121.845685
 1714.000000 -0.623787 121.503740
 1716.000000 -0.629963 119.540934
 1718.000000 -0.634013 118.256734
 1720.000000 -0.633453 118.529364
 1722.000000 -0.630990 119.441635
 1724.000000 -0.616729 124.171857
 1726.000000 -0.630723 119.684377
 1728.000000 -0.622202 122.573639
 1730.000000 -0.632534 119.230297
 1732.000000 -0.621782 122.865534
 1734.000000 -0.613293 125.631895
 1736.000000 -0.622401 122.810382
 1738.000000 -0.614091 125.528944
 1740.000000 -0.634635 118.888803
 1742.000000 -0.612201 126.267055
 1744.000000 -0.601123 129.659580
 1746.000000 -0.612418 126.334353
 1748.000000 -0.611758 126.607719
 1750.000000 -0.630530 120.628365
 1752.000000 -0.607479 128.059151
 1754.000000 -0.626805 122.013428
 1756.000000 -0.620266 124.220243
 1758.000000 -0.630468 120.943246
 1760.000000 -0.622866 123.530989
 1762.000000 -0.625423 122.769413
 1764.000000 -0.611496 127.277319
 1766.000000 -0.634580 119.847583
 1768.000000 -0.620658 124.541033
 1770.000000 -0.636748 119.257969
 1772.000000 -0.614962 126.501655
 1774.000000 -0.625462 123.201151
 1776.000000 -0.620311 124.948789
 1778.000000 -0.626803 122.905248
 1780.000000 -0.635171 120.168094
 1782.000000 -0.629981 122.002121
 1784.000000 -0.617962 126.000375
 1786.000000 -0.610842 128.291972
 1788.000000 -0.629047 122.526767
 1790.000000 -0.632369 121.486754
 1792.000000 -0.610213 128.702596
 1794.000000 -0.607225 129.673243
 1796.000000 -0.610960 128.604999
 1798.000000 -0.612844 128.091025
 1800.000000 -0.631456 122.134711
 1802.000000 -0.616207 127.184170
 1804.000000 -0.626524 123.923906
 1806.000000 -0.622781 125.222952
 1808.000000 -0.624168 124.842334
 1810.000000 -0.626532 124.137454
 1812.000000 -0.626897 124.089750
 1814.000000 -0.617934 127.067959
 1816.000000 -0.627581 124.004554
 1818.000000 -0.631639 122.720158
 1820.000000 -0.638672 120.391036
 1822.000000 -0.635013 121.728724
 1824.000000 -0.624817 125.218992
 1826.000000 -0.636039 121.525321
 1828.000000 -0.620367 126.810454
 1830.000000 -0.633191 122.642703
 1832.000000 -0.631079 123.431581
 1834.000000 -0.628934 124.224107
 1836.000000 -0.619815 127.277889
 1838.000000 -0.627100 124.974226
 1840.000000 -0.610104 130.450936
 1842.000000 -0.620078 127.396966
 1844.000000 -0.638676 121.253461
 1846.000000 -0.636317 122.144907
 1848.000000 -0.626974 125.372005
 1850.000000 -0.628895 124.805081
 1852.000000 -0.617609 128.546973
 1854.000000 -0.621401 127.401502
 1856.000000 -0.624616 126.425111
 1858.000000 -0.609166 131.364899
 1860.000000 -0.626898 125.806103
 1862.000000 -0.627681 125.617097
 1864.000000 -0.623735 126.985684
 1866.000000 -0.639558 121.717088
 1868.000000 -0.627086 126.029889
 1870.000000 -0.612561 130.745224
 1872.000000 -0.626490 126.360093
 1874.000000 -0.615494 129.966980
 1876.000000 -0.623745 127.394381
 1878.000000 -0.631294 124.959149
 1880.000000 -0.629793 125.535236
 1882.000000 -0.626508 126.698316
 1884.000000 -0.623903 127.622271
 1886.000000 -0.621921 128.333357
 1888.000000 -0.605006 133.632576
 1890.000000 -0.636933 123.440986
 1892.000000 -0.616019 130.412869
 1894.000000 -0.623687 128.023833
 1896.000000 -0.624919 127.688305
 1898.000000 -0.627629 126.862248
 1900.000000 -0.620939 129.117213
 1902.000000 -0.629768 126.283182
 1904.000000 -0.627020 127.267864
 1906.000000 -0.632958 125.345160
 1908.000000 -0.624992 128.075058
 1910.000000 -0.603393 134.843158
 1912.000000 -0.628028 127.197311
 1914.000000 -0.604958 134.510708
 1916.000000 -0.631625 126.118341
 1918.000000 -0.602998 135.211661
 1920.000000 -0.621435 129.610322
 1922.000000 -0.610220 133.187562
 1924.000000 -0.595607 137.490402
 1926.000000 -0.623732 129.045094
 1928.000000 -0.628342 127.591315
 1930.000000 -0.626339 128.322899
 1932.000000 -0.622789 129.551825
 1934.000000 -0.631448 126.748915
 1936.000000 -0.619462 130.756579
 1938.000000 -0.627265 128.280615
 1940.000000 -0.618047 131.336741
 1942.000000 -0.627839 128.219279
 1944.000000 -0.633766 126.290281
 1946.000000 -0.612539 133.255059
 1948.000000 -0.629073 128.004459
 1950.000000 -0.624113 129.710763
 1952.000000 -0.619424 131.289521
 1954.000000 -0.612440 133.539854
 1956.000000 -0.624860 129.653349
 1958.000000 -0.605927 135.627526
 1960.000000 -0.634633 126.498457
 1962.000000 -0.615024 132.990798
 1964.000000 -0.630461 128.044232
 1966.000000 -0.629869 128.310223
 1968.000000 -0.634858 126.684607
 1970.000000 -0.629634 128.524693
 1972.000000 -0.616922 132.725143
 1974.000000 -0.619600 131.936713
 1976.000000 -0.601162 137.588731
 1978.000000 -0.640487 125.043587
 1980.000000 -0.614885 133.610948
 1982.000000 -0.609531 135.311996
 1984.000000 -0.624606 130.622219
 1986.000000 -0.623298 131.112512
 1988.000000 -0.614938 133.837740
 1990.000000 -0.626573 130.160463
 1992.000000 -0.615354 133.831610
 1994.000000 -0.626299 130.374645
 1996.000000 -0.626543 130.357684
 1998.000000 -0.617547 133.330000
 2000.000000 -0.627907 130.029181
 2002.000000 -0.625095 131.023169
 2004.000000 -0.627164 130.403473
 2006.000000 -0.603190 137.930895
 2008.000000 -0.619793 132.921930
 2010.000000 -0.580517 144.094620
 2012.000000 -0.621683 132.421992
 2014.000000 -0.632941 128.747453
 2016.000000 -0.591513 141.466883
 2018.000000 -0.597312 139.938691
 2020.000000 -0.627349 130.795434
 2022.000000 -0.599117 139.548549
 2024.000000 -0.627429 130.884283
 2026.000000 -0.633446 128.920664
 2028.000000 -0.625864 131.531240
 2030.000000 -0.626491 131.386689
 2032.000000 -0.614299 135.357543
 2034.000000 -0.629591 130.473693
 2036.000000 -0.625413 131.925631
 2038.000000 -0.614425 135.501161
 2040.000000 -0.628156 131.136247
 2042.000000 -0.628270 131.161233
 2044.000000 -0.631189 130.243497
 2046.000000 -0.607310 137.908922
 2048.000000 -0.615306 135.528209
 2050.000000 -0.620586 133.914852
 2052.000000 -0.616878 135.152282
 2054.000000 -0.622080 133.550335
 2056.000000 -0.631821 130.381344
 2058.000000 -0.609031 137.746233
 2060.000000 -0.560226 149.969146
 2062.000000 -0.579622 145.805660
 2064.000000 -0.629385 131.405613
 2066.000000 -0.631234 130.844879
 2068.000000 -0.637326 128.818211
 2070.000000 -0.619961 134.687153
 2072.000000 -0.609859 137.887007
 2074.000000 -0.622918 133.846182
 2076.000000 -0.618175 135.427933
 2078.000000 -0.618311 135.441952
 2080.000000 -0.621667 134.425665
 2082.000000 -0.631549 131.212368
 2084.000000 -0.612862 137.321982
 2086.000000 -0.608032 138.839464
 2088.000000 -0.620365 135.074351
 2090.000000 -0.634372 130.477275
 2092.000000 -0.608138 138.982333
 2094.000000 -0.620858 135.090388
 2096.000000 -0.619157 135.692615
 2098.000000 -0.602293 140.860822
 2100.000000 -0.629425 132.439834
 2102.000000 -0.626880 133.350272
 2104.000000 -0.601800 141.173076
 2106.000000 -0.626627 133.544681
 2108.000000 -0.632927 131.484892
 2110.000000 -0.627280 133.449892
 2112.000000 -0.620673 135.669209
 2114.000000 -0.633320 131.529851
 2116.000000 -0.631938 132.063467
 2118.000000 -0.631187 132.379858
 2120.000000 -0.628481 133.351758
 2122.000000 -0.620957 135.880002
 2124.000000 -0.630156 132.906329
 2126.000000 -0.615739 137.651354
 2128.000000 -0.628291 133.647334
 2130.000000 -0.635866 131.130536
 2132.000000 -0.627205 134.131503
 2134.000000 -0.620290 136.447503
 2136.000000 -0.636162 131.205712
 2138.000000 -0.621708 136.109933
 2140.000000 -0.557144 152.753762
 2142.000000 -0.591450 145.108085
 2144.000000 -0.619134 137.076254
 2146.000000 -0.622465 136.061114
 2148.000000 -0.639170 130.469459
 2150.000000 -0.635416 131.841042
 2152.000000 -0.633560 132.541843
 2154.000000 -0.617119 138.012081
 2156.000000 -0.627989 134.541188
 2158.000000 -0.622934 136.264745
 2160.000000 -0.630767 133.722507
 2162.000000 -0.618566 137.783248
 2164.000000 -0.609161 140.739728
 2166.000000 -0.621130 137.069861
 2168.000000 -0.603687 142.456456
 2170.000000 -0.632804 133.299494
 2172.000000 -0.612834 139.842304
 2174.000000 -0.627774 135.109535
 2176.000000 -0.632355 133.622585
 2178.000000 -0.630925 134.168373
 2180.000000 -0.618237 138.386512
 2182.000000 -0.622090 137.207075
 2184.000000 -0.634887 132.981806
 2186.000000 -0.615319 139.472069
 2188.000000 -0.628409 135.296171
 2190.000000 -0.612210 140.540371
 2192.000000 -0.594196 145.765206
 2194.000000 -0.592422 146.284147
 2196.000000 -0.623340 137.169331
 2198.000000 -0.632765 134.077448
 2200.000000 -0.637061 132.653538
 2202.000000 -0.623793 137.196657
 2204.000000 -0.629615 135.321226
 2206.000000 -0.619290 138.761943
 2208.000000 -0.625769 136.714224
 2210.000000 -0.630830 135.077905
 2212.000000 -0.631054 135.059793
 2214.000000 -0.620537 138.588284
 2216.000000 -0.624757 137.272357
 2218.000000 -0.628684 136.025244
 2220.000000 -0.636608 133.374693
 2222.000000 -0.638454 132.789669
 2224.000000 -0.631999 135.082599
 2226.000000 -0.611569 141.732184
 2228.000000 -0.620821 138.890771
 2230.000000 -0.612729 141.482247
 2232.000000 -0.634879 134.306038
 2234.000000 -0.634467 134.506878
 2236.000000 -0.630937 135.772019
 2238.000000 -0.617577 140.200625
 2240.000000 -0.618471 139.970097
 2242.000000 -0.626096 137.553511
 2244.000000 -0.631825 135.686189
 2246.000000 -0.619162 139.914679
 2248.000000 -0.623394 138.604461
 2250.000000 -0.630940 136.149563
 2252.000000 -0.623451 138.696205
 2254.000000 -0.623585 138.705882
 2256.000000 -0.630100 136.597397
 2258.000000 -0.634631 135.106860
 2260.000000 -0.618883 140.386478
 2262.000000 -0.629102 137.098903
 2264.000000 -0.634418 135.344832
 2266.000000 -0.629088 137.216273
 2268.000000 -0.612434 142.613380
 2270.000000 -0.625871 138.392127
 2272.000000 -0.622288 139.617632
 2274.000000 -0.615142 141.935938
 2276.000000 -0.617318 141.306250
 2278.000000 -0.624888 138.922924
 2280.000000 -0.612382 142.938814
 2282.000000 -0.608726 144.088965
 2284.000000 -0.568158 154.387380
 2286.000000 -0.566674 154.726657
 2288.000000 -0.565667 154.965853
 2290.000000 -0.573400 153.395167
 2292.000000 -0.551015 157.670332
 2294.000000 -0.603437 145.867754
 2296.000000 -0.628177 138.209194
 2298.000000 -0.621547 140.442625
 2300.000000 -0.629558 137.850991
 2302.000000 -0.627733 138.517727
 2304.000000 -0.614098 142.953205
 2306.000000 -0.617895 141.817289
 2308.000000 -0.616057 142.444454
 2310.000000 -0.625211 139.556469
 2312.000000 -0.622788 140.401850
 2314.000000 -0.633105 137.005426
 2316.000000 -0.611374 144.094047
 2318.000000 -0.613127 143.607715
 2320.000000 -0.625277 139.790424
 2322.000000 -0.610452 144.520818
 2324.000000 -0.622533 140.787487
 2326.000000 -0.621351 141.220973
 2328.000000 -0.624444 140.265982
 2330.000000 -0.630651 138.247068
 2332.000000 -0.634498 136.983735
 2334.000000 -0.594255 149.426966
 2336.000000 -0.621846 141.315754
 2338.000000 -0.633495 137.477551
 2340.000000 -0.627392 139.600249
 2342.000000 -0.618452 142.559914
 2344.000000 -0.606385 146.286518
 2346.000000 -0.621216 141.772093
 2348.000000 -0.624567 140.732483
 2350.000000 -0.626547 140.130074
 2352.000000 -0.628424 139.556051
 2354.000000 -0.618335 142.897888
 2356.000000 -0.621541 141.922482
 2358.000000 -0.600584 148.295771
 2360.000000 -0.627686 139.997924
 2362.000000 -0.629916 139.300692
 2364.000000 -0.607431 146.477655
 2366.000000 -0.614907 144.264165
 2368.000000 -0.630105 139.382276
 2370.000000 -0.617093 143.682617
 2372.000000 -0.616633 143.875138
 2374.000000 -0.619594 142.987497
 2376.000000 -0.626690 140.725530
 2378.000000 -0.629142 139.956433
 2380.000000 -0.613615 145.011447
 2382.000000 -0.615621 144.438177
 2384.000000 -0.561127 158.118509
 2386.000000 -0.588910 152.074564
 2388.000000 -0.555822 159.129429
 2390.000000 -0.565603 157.381845
 2392.000000 -0.562117 158.082165
 2394.000000 -0.553986 159.542021
 2396.000000 -0.548034 160.506144
 2398.000000 -0.631098 139.676802
 2400.000000 -0.637709 137.439544
 2402.000000 -0.632791 139.205369
 2404.000000 -0.624140 142.163863
 2406.000000 -0.618302 144.095429
 2408.000000 -0.636906 137.926800
 2410.000000 -0.615992 144.923658
 2412.000000 -0.613905 145.617355
 2414.000000 -0.620111 143.714687
 2416.000000 -0.611161 146.548738
 2418.000000 -0.617275 144.708363
 2420.000000 -0.635784 138.606839
 2422.000000 -0.628524 141.147411
 2424.000000 -0.625318 142.266368
 2426.000000 -0.631838 140.124246
 2428.000000 -0.620015 144.092037
 2430.000000 -0.627988 141.527513
 2432.000000 -0.631148 140.510057
 2434.000000 -0.614699 145.914631
 2436.000000 -0.598565 150.675758
 2438.000000 -0.614549 146.048518
 2440.000000 -0.632250 140.317411
 2442.000000 -0.620683 144.212510
 2444.000000 -0.624594 142.988683
 2446.000000 -0.596727 151.410930
 2448.000000 -0.636466 139.044700
 2450.000000 -0.634054 139.937760
 2452.000000 -0.608829 148.121355
 2454.000000 -0.602371 150.038060
 2456.000000 -0.632940 140.459880
 2458.000000 -0.621448 144.345979
 2460.000000 -0.615697 146.217076
 2462.000000 -0.616250 146.090111
 2464.000000 -0.614219 146.766494
 2466.000000 -0.626230 142.964576
 2468.000000 -0.628667 142.198720
 2470.000000 -0.627349 142.690503
 2472.000000 -0.611721 147.722603
 2474.000000 -0.637938 139.144031
 2476.000000 -0.618039 145.863963
 2478.000000 -0.627712 142.761485
 2480.000000 -0.631926 141.383393
 2482.000000 -0.636745 139.762851
 2484.000000 -0.622223 144.722568
 2486.000000 -0.626955 143.213621
 2488.000000 -0.616736 146.567553
 2490.000000 -0.624118 144.245914
 2492.000000 -0.618808 146.007003
 2494.000000 -0.633621 141.137779
 2496.000000 -0.635953 140.377844
 2498.000000 -0.622655 144.919447
 2500.000000 -0.629161 142.810640
 2502.000000 -0.614266 147.671956
 2504.000000 -0.628440 143.147099
 2506.000000 -0.633034 141.631870
 2508.000000 -0.601734 151.506799
 2510.000000 -0.608822 149.501677
 2512.000000 -0.622199 145.390061
 2514.000000 -0.606394 150.303946
 2516.000000 -0.611938 148.698282
 2518.000000 -0.635701 140.970164
 2520.000000 -0.630091 142.953713
 2522.000000 -0.625527 144.532097
 2524.000000 -0.588037 155.492980
 2526.000000 -0.586118 156.002636
 2528.000000 -0.613898 148.364440
 2530.000000 -0.614914 148.094811
 2532.000000 -0.638846 140.168834
 2534.000000 -0.595071 153.899162
 2536.000000 -0.630843 143.045167
 2538.000000 -0.599595 152.762962
 2540.000000 -0.616134 147.938526
 2542.000000 -0.624105 145.431357
 2544.000000 -0.632193 142.761793
 2546.000000 -0.634643 141.964047
 2548.000000 -0.625915 144.979950
 2550.000000 -0.630964 143.328409
 2552.000000 -0.610859 149.839018
 2554.000000 -0.626555 144.905021
 2556.000000 -0.628562 144.280264
 2558.000000 -0.624399 145.712722
 2560.000000 -0.623561 146.033710
 2562.000000 -0.630122 143.892362
 2564.000000 -0.622575 146.449028
 2566.000000 -0.628605 144.499152
 2568.000000 -0.629141 144.365720
 2570.000000 -0.631477 143.619085
 2572.000000 -0.629010 144.505787
 2574.000000 -0.632026 143.526718
 2576.000000 -0.618977 147.889316
 2578.000000 -0.627676 145.094115
 2580.000000 -0.583698 157.801102
 2582.000000 -0.618287 148.234285
 2584.000000 -0.624039 146.425264
 2586.000000 -0.616624 148.846490
 2588.000000 -0.636334 142.336685
 2590.000000 -0.631178 144.172886
 2592.000000 -0.603356 152.945031
 2594.000000 -0.620837 147.690386
 2596.000000 -0.612915 150.215880
 2598.000000 -0.608147 151.686338
 2600.000000 -0.635355 142.942475
 2602.000000 -0.629966 144.848325
 2604.000000 -0.633126 143.813359
 2606.000000 -0.616566 149.315149
 2608.000000 -0.623112 147.267390
 2610.000000 -0.607930 152.021237
 2612.000000 -0.622394 147.586135
 2614.000000 -0.608509 151.935629
 2616.000000 -0.627337 146.041772
 2618.000000 -0.630617 144.980327
 2620.000000 -0.624453 147.091017
 2622.000000 -0.611719 151.154768
 2624.000000 -0.630978 144.989777
 2626.000000 -0.611531 151.299511
 2628.000000 -0.630762 145.151375
 2630.000000 -0.628174 146.074570
 2632.000000 -0.621932 148.179989
 2634.000000 -0.629111 145.848511
 2636.000000 -0.616685 149.939486
 2638.000000 -0.625571 147.121006
 2640.000000 -0.620870 148.699601
 2642.000000 -0.625745 147.151433
 2644.000000 -0.620005 149.064905
 2646.000000 -0.636854 143.438508
 2648.000000 -0.635339 144.019074
 2650.000000 -0.632528 145.042850
 2652.000000 -0.619040 149.558361
 2654.000000 -0.630489 145.830992
 2656.000000 -0.623872 148.088008
 2658.000000 -0.621901 148.773851
 2660.000000 -0.624966 147.815812
 2662.000000 -0.607959 153.164773
 2664.000000 -0.613411 151.571680
 2666.000000 -0.622527 148.738379
 2668.000000 -0.610450 152.550615
 2670.000000 -0.620813 149.375527
 2672.000000 -0.616242 150.864986
 2674.000000 -0.625351 147.980469
 2676.000000 -0.621034 149.432620
 2678.000000 -0.624963 148.195350
 2680.000000 -0.639349 143.292109
 2682.000000 -0.629142 146.891826
 2684.000000 -0.620502 149.783759
 2686.000000 -0.638294 143.804225
 2688.000000 -0.629037 147.062910
 2690.000000 -0.632387 145.964602
 2692.000000 -0.634498 145.279345
 2694.000000 -0.630587 146.674010
 2696.000000 -0.620173 150.161714
 2698.000000 -0.617106 151.174868
 2700.000000 -0.624712 148.771632
 2702.000000 -0.607666 154.118910
 2704.000000 -0.633787 145.782966
 2706.000000 -0.600753 156.168616
 2708.000000 -0.632585 146.281806
 2710.000000 -0.629750 147.297531
 2712.000000 -0.627833 147.989286
 2714.000000 -0.616686 151.646218
 2716.000000 -0.609881 153.761896
 2718.000000 -0.558207 165.852255
 2720.000000 -0.552604 166.758717
 2722.000000 -0.556237 166.230372
 2724.000000 -0.537626 168.716260
 2726.000000 -0.626496 148.669905
 2728.000000 -0.638009 144.747234
 2730.000000 -0.619256 151.118091
 2732.000000 -0.607278 154.811529
 2734.000000 -0.623980 149.671078
 2736.000000 -0.618752 151.399938
 2738.000000 -0.616789 152.059035
 2740.000000 -0.605938 155.361634
 2742.000000 -0.630044 147.805829
 2744.000000 -0.621699 150.619528
 2746.000000 -0.613632 153.199127
 2748.000000 -0.635780 145.946888
 2750.000000 -0.629129 148.287582
 2752.000000 -0.628800 148.442624
 2754.000000 -0.617924 152.038777
 2756.000000 -0.628189 148.732668
 2758.000000 -0.618279 152.010763
 2760.000000 -0.628452 148.727992
 2762.000000 -0.606909 155.542659
 2764.000000 -0.632711 147.354319
 2766.000000 -0.625036 149.993226
 2768.000000 -0.622032 151.018093
 2770.000000 -0.590543 160.136101
 2772.000000 -0.625286 150.027726
 2774.000000 -0.626307 149.731055
 2776.000000 -0.636068 146.428781
 2778.000000 -0.639159 145.376879
 2780.000000 -0.619731 152.008872
 2782.000000 -0.632388 147.844365
 2784.000000 -0.619761 152.084014
 2786.000000 -0.580653 162.813578
 2788.000000 -0.618511 152.552963
 2790.000000 -0.617909 152.783066
 2792.000000 -0.610908 154.974041
 2794.000000 -0.615228 153.697664
 2796.000000 -0.623783 151.012153
 2798.000000 -0.626010 150.318313
 2800.000000 -0.620205 152.254140
 2802.000000 -0.617832 153.047830
 2804.000000 -0.618814 152.777061
 2806.000000 -0.602602 157.659344
 2808.000000 -0.634828 147.506028
 2810.000000 -0.623020 151.544409
 2812.000000 -0.620133 152.517757
 2814.000000 -0.622683 151.734960
 2816.000000 -0.604144 157.426183
 2818.000000 -0.622780 151.780116
 2820.000000 -0.634697 147.793997
 2822.000000 -0.617081 153.685207
 2824.000000 -0.622157 152.106437
 2826.000000 -0.634950 147.828575
 2828.000000 -0.635932 147.527783
 2830.000000 -0.604077 157.732030
 2832.000000 -0.636361 147.456453
 2834.000000 -0.637489 147.101512
 2836.000000 -0.618450 153.547138
 2838.000000 -0.621273 152.684895
 2840.000000 -0.618921 153.477033
 2842.000000 -0.615955 154.447232
 2844.000000 -0.623925 151.940196
 2846.000000 -0.625919 151.322477
 2848.000000 -0.628239 150.587304
 2850.000000 -0.633371 148.872399
 2852.000000 -0.619957 153.391317
 2854.000000 -0.606100 157.639786
 2856.000000 -0.603461 158.426632
 2858.000000 -0.634929 148.481720
 2860.000000 -0.629509 150.395990
 2862.000000 -0.619557 153.714402
 2864.000000 -0.640903 146.477403
 2866.000000 -0.596368 160.563086
 2868.000000 -0.534476 171.694807
 2870.000000 -0.561281 168.247066
 2872.000000 -0.570073 166.681594
 2874.000000 -0.544541 170.724212
 2876.000000 -0.564683 167.741762
 2878.000000 -0.551964 169.809158
 2880.000000 -0.556043 169.234202
 2882.000000 -0.567176 167.372585
 2884.000000 -0.557303 169.095576
 2886.000000 -0.616432 155.059967
 2888.000000 -0.623003 153.000392
 2890.000000 -0.598445 160.369730
 2892.000000 -0.626391 151.955301
 2894.000000 -0.627913 151.485615
 2896.000000 -0.634789 149.161779
 2898.000000 -0.619645 154.281949
 2900.000000 -0.621707 153.657571
 2902.000000 -0.610371 157.221486
 2904.000000 -0.626681 152.096538
 2906.000000 -0.610058 157.391009
 2908.000000 -0.619844 154.408414
 2910.000000 -0.614320 156.177832
 2912.000000 -0.615241 155.931072
 2914.000000 -0.619128 154.749426
 2916.000000 -0.630651 150.979766
 2918.000000 -0.626366 152.470132
 2920.000000 -0.614295 156.379107
 2922.000000 -0.633823 150.000873
 2924.000000 -0.615183 156.184741
 2926.000000 -0.610286 157.707118
 2928.000000 -0.620897 154.454816
 2930.000000 -0.630275 151.379744
 2932.000000 -0.633643 150.257612
 2934.000000 -0.629657 151.673698
 2936.000000 -0.633001 150.563850
 2938.000000 -0.637240 149.114527
 2940.000000 -0.634857 150.000231
 2942.000000 -0.639584 148.360083
 2944.000000 -0.621414 154.620333
 2946.000000 -0.624907 153.517441
 2948.000000 -0.627273 152.768524
 2950.000000 -0.636469 149.634401
 2952.000000 -0.609159 158.566366
 2954.000000 -0.618199 155.841847
 2956.000000 -0.629366 152.216040
 2958.000000 -0.638304 149.135656
 2960.000000 -0.635542 150.159924
 2962.000000 -0.614339 157.205386
 2964.000000 -0.632996 151.129465
 2966.000000 -0.622873 154.581685
 2968.000000 -0.634537 150.671166
 2970.000000 -0.632302 151.491415
 2972.000000 -0.636499 150.061735
 2974.000000 -0.618741 156.072581
 2976.000000 -0.625321 153.976809
 2978.000000 -0.606900 159.737013
 2980.000000 -0.619025 156.092716
 2982.000000 -0.619692 155.917765
 2984.000000 -0.626490 153.735244
 2986.000000 -0.627650 153.385649
 2988.000000 -0.633951 151.263090
 2990.000000 -0.625291 154.253464
 2992.000000 -0.622876 155.085837
 2994.000000 -0.633028 151.702614
 2996.000000 -0.614513 157.812224
 2998.000000 -0.632550 151.945017
 3000.000000 -0.624867 154.587297
 3002.000000 -0.613435 158.256443
 3004.000000 -0.635210 151.129392
 3006.000000 -0.620298 156.188582
 3008.000000 -0.631941 152.348077
 3010.000000 -0.631979 152.374856
 3012.000000 -0.571649 168.953987
 3014.000000 -0.537466 173.937525
 3016.000000 -0.546323 173.013796
 3018.000000 -0.559492 171.191789
 3020.000000 -0.571232 169.141323
 3022.000000 -0.554726 171.975318
 3024.000000 -0.560878 171.049112
 3026.000000 -0.553974 172.137670
 3028.000000 -0.540142 173.861787
 3030.000000 -0.552304 172.425071
 3032.000000 -0.620527 156.485011
 3034.000000 -0.636781 151.013921
 3036.000000 -0.629918 153.449637
 3038.000000 -0.627134 154.431828
 3040.000000 -0.619660 156.918388
 3042.000000 -0.635756 151.533002
 3044.000000 -0.623366 155.797331
 3046.000000 -0.621623 156.402189
 3048.000000 -0.629869 153.695482
 3050.000000 -0.630003 153.688682
 3052.000000 -0.612841 159.269871
 3054.000000 -0.623162 156.051013
 3056.000000 -0.612372 159.483730
 3058.000000 -0.599388 163.234038
 3060.000000 -0.617621 157.931868
 3062.000000 -0.631789 153.287025
 3064.000000 -0.634974 152.214407
 3066.000000 -0.629255 154.235961
 3068.000000 -0.631550 153.487855
 3070.000000 -0.617757 158.082004
 3072.000000 -0.618449 157.899129
 3074.000000 -0.633289 152.994545
 3076.000000 -0.624883 155.891989
 3078.000000 -0.603186 162.561405
 3080.000000 -0.627742 155.006590
 3082.000000 -0.627394 155.161703
 3084.000000 -0.623590 156.463278
 3086.000000 -0.627215 155.296537
 3088.000000 -0.611840 160.233274
 3090.000000 -0.635320 152.574367
 3092.000000 -0.618395 158.285023
 3094.000000 -0.615866 159.112509
 3096.000000 -0.614387 159.603716
 3098.000000 -0.605598 162.240238
 3100.000000 -0.631203 154.187662
 3102.000000 -0.624436 156.509228
 3104.000000 -0.623160 156.965185
 3106.000000 -0.621971 157.388817
 3108.000000 -0.620630 157.857978
 3110.000000 -0.610715 160.964081
 3112.000000 -0.637596 152.157868
 3114.000000 -0.619861 158.213657
 3116.000000 -0.624892 156.612778
 3118.000000 -0.625365 156.492622
 3120.000000 -0.610983 161.066645
 3122.000000 -0.610294 161.304910
 3124.000000 -0.621360 157.907656
 3126.000000 -0.604362 163.090453
 3128.000000 -0.628501 155.611281
 3130.000000 -0.621178 158.071660
 3132.000000 -0.611854 161.012953
 3134.000000 -0.621427 158.060349
 3136.000000 -0.629634 155.368033
 3138.000000 -0.623647 157.410577
 3140.000000 -0.634002 153.929859
 3142.000000 -0.628333 155.922980
 3144.000000 -0.625165 157.021768
 3146.000000 -0.630082 155.401146
 3148.000000 -0.628335 156.033465
 3150.000000 -0.639927 152.002026
 3152.000000 -0.612212 161.274447
 3154.000000 -0.618447 159.382898
 3156.000000 -0.619717 159.013995
 3158.000000 -0.627584 156.467370
 3160.000000 -0.638556 152.677155
 3162.000000 -0.627263 156.652350
 3164.000000 -0.622526 158.256752
 3166.000000 -0.620880 158.824860
 3168.000000 -0.614095 160.989051
 3170.000000 -0.619309 159.396154
 3172.000000 -0.618186 159.786497
 3174.000000 -0.619677 159.347638
 3176.000000 -0.622919 158.335886
 3178.000000 -0.611403 161.975887
 3180.000000 -0.611246 162.055411
 3182.000000 -0.608093 163.017770
 3184.000000 -0.634569 154.513145
 3186.000000 -0.628291 156.720239
 3188.000000 -0.624409 158.054744
 3190.000000 -0.625839 157.616119
 3192.000000 -0.629467 156.428644
 3194.000000 -0.575931 171.219019
 3196.000000 -0.585183 169.237954
 3198.000000 -0.624709 158.117928
 3200.000000 -0.636848 153.976613
 3202.000000 -0.626826 157.486987
 3204.000000 -0.627269 157.374406
 3206.000000 -0.617730 160.515503
 3208.000000 -0.625680 157.975923
 3210.000000 -0.632261 155.772747
 3212.000000 -0.633304 155.446525
 3214.000000 -0.619985 159.944940
 3216.000000 -0.615113 161.508410
 3218.000000 -0.635692 154.710238
 3220.000000 -0.633185 155.631111
 3222.000000 -0.626195 158.057614
 3224.000000 -0.616367 161.264189
 3226.000000 -0.631304 156.391026
 3228.000000 -0.601827 165.594885
 3230.000000 -0.615522 161.626780
 3232.000000 -0.616229 161.440649
 3234.000000 -0.625607 158.455670
 3236.000000 -0.637609 154.338434
 3238.000000 -0.634937 155.328346
 3240.000000 -0.639728 153.649817
 3242.000000 -0.624813 158.869481
 3244.000000 -0.633423 155.972797
 3246.000000 -0.626738 158.300592
 3248.000000 -0.620622 160.343339
 3250.000000 -0.625558 158.764179
 3252.000000 -0.616195 161.810602
 3254.000000 -0.613113 162.788914
 3256.000000 -0.602928 165.776793
 3258.000000 -0.630193 157.328343
 3260.000000 -0.604150 165.502112
 3262.000000 -0.623911 159.505397
 3264.000000 -0.623168 159.783612
 3266.000000 -0.627836 158.266017
 3268.000000 -0.627931 158.269315
 3270.000000 -0.628463 158.124737
 3272.000000 -0.606457 165.053730
 3274.000000 -0.622398 160.206003
 3276.000000 -0.596171 167.923264
 3278.000000 -0.623500 159.908751
 3280.000000 -0.623277 160.016208
 3282.000000 -0.631381 157.322222
 3284.000000 -0.632174 157.083453
 3286.000000 -0.626814 158.950367
 3288.000000 -0.612278 163.613804
 3290.000000 -0.632298 157.143293
 3292.000000 -0.613963 163.171394
 3294.000000 -0.626887 159.060856
 3296.000000 -0.635027 156.289064
 3298.000000 -0.627112 159.056835
 3300.000000 -0.634831 156.430037
 3302.000000 -0.621757 160.895664
 3304.000000 -0.630471 158.019945
 3306.000000 -0.606816 165.530040
 3308.000000 -0.611156 164.291783
 3310.000000 -0.600610 167.321656
 3312.000000 -0.613896 163.526553
 3314.000000 -0.636125 156.198460
 3316.000000 -0.630414 158.234329
 3318.000000 -0.630974 158.077019
 3320.000000 -0.628491 158.962112
 3322.000000 -0.554109 177.041526
 3324.000000 -0.530242 179.411621
 3326.000000 -0.593429 169.441489
 3328.000000 -0.633247 157.426878
 3330.000000 -0.634567 156.998891
 3332.000000 -0.622880 161.008158
 3334.000000 -0.627208 159.606700
 3336.000000 -0.635723 156.693898
 3338.000000 -0.615806 163.362058
 3340.000000 -0.617457 162.879639
 3342.000000 -0.626530 159.969153
 3344.000000 -0.628008 159.505821
 3346.000000 -0.618708 162.586666
 3348.000000 -0.622135 161.520076
 3350.000000 -0.617960 162.888060
 3352.000000 -0.620882 161.990387
 3354.000000 -0.624816 160.739237
 3356.000000 -0.609366 165.599231
 3358.000000 -0.624327 160.964597
 3360.000000 -0.624323 160.999546
 3362.000000 -0.632370 158.303742
 3364.000000 -0.617343 163.312858
 3366.000000 -0.630945 158.864975
 3368.000000 -0.638531 156.218488
 3370.000000 -0.623992 161.281346
 3372.000000 -0.625806 160.713711
 3374.000000 -0.627184 160.285905
 3376.000000 -0.625614 160.845189
 3378.000000 -0.630350 159.276335
 3380.000000 -0.623709 161.543410
 3382.000000 -0.634612 157.858646
 3384.000000 -0.630860 159.204080
 3386.000000 -0.626312 160.784022
 3388.000000 -0.616565 163.965342
 3390.000000 -0.618680 163.333255
 3392.000000 -0.636821 157.239719
 3394.000000 -0.625642 161.140739
 3396.000000 -0.624892 161.423183
 3398.000000 -0.623891 161.786880
 3400.000000 -0.622772 162.186203
 3402.000000 -0.632171 159.049726
 3404.000000 -0.631246 159.405643
 3406.000000 -0.624636 161.676036
 3408.000000 -0.618593 163.663152
 3410.000000 -0.629039 160.262314
 3412.000000 -0.625939 161.341845
 3414.000000 -0.628339 160.567742
 3416.000000 -0.618780 163.736630
 3418.000000 -0.625912 161.449438
 3420.000000 -0.611262 166.109853
 3422.000000 -0.635717 158.131251
 3424.000000 -0.632813 159.191052
 3426.000000 -0.629390 160.408715
 3428.000000 -0.623009 162.575256
 3430.000000 -0.623148 162.562051
 3432.000000 -0.622960 162.655867
 3434.000000 -0.616431 164.768689
 3436.000000 -0.622673 162.812945
 3438.000000 -0.618608 164.149881
 3440.000000 -0.633741 159.125647
 3442.000000 -0.633825 159.130957
 3444.000000 -0.624391 162.382599
 3446.000000 -0.624201 162.477604
 3448.000000 -0.622057 163.210995
 3450.000000 -0.621531 163.413444
 3452.000000 -0.623750 162.722077
 3454.000000 -0.613043 166.130845
 3456.000000 -0.628390 161.234942
 3458.000000 -0.634723 159.072664
 3460.000000 -0.627632 161.559629
 3462.000000 -0.627948 161.486005
 3464.000000 -0.631273 160.381010
 3466.000000 -0.621534 163.674398
 3468.000000 -0.622255 163.472520
 3470.000000 -0.640753 157.097258
 3472.000000 -0.616438 165.388655
 3474.000000 -0.622642 163.445269
 3476.000000 -0.630174 160.955601
 3478.000000 -0.624867 162.779563
 3480.000000 -0.625286 162.672780
 3482.000000 -0.619199 164.682087
 3484.000000 -0.634284 159.653152
 3486.000000 -0.626051 162.515908
 3488.000000 -0.616228 165.711314
 3490.000000 -0.626090 162.565627
 3492.000000 -0.615918 165.870056
 3494.000000 -0.633286 160.163700
 3496.000000 -0.619682 164.752926
 3498.000000 -0.601686 170.101048
 3500.000000 -0.613201 166.823054
 3502.000000 -0.626553 162.594952
 3504.000000 -0.624760 163.224503
 3506.000000 -0.620744 164.565704
 3508.000000 -0.624670 163.317285
 3510.000000 -0.598608 171.107933
 3512.000000 -0.621440 164.431253
 3514.000000 -0.615294 166.399758
 3516.000000 -0.613009 167.125457
 3518.000000 -0.626052 163.006826
 3520.000000 -0.600910 170.643767
 3522.000000 -0.627382 162.619787
 3524.000000 -0.617494 165.868126
 3526.000000 -0.621576 164.599703
 3528.000000 -0.635483 159.905345
 3530.000000 -0.636272 159.657986
 3532.000000 -0.625837 163.299835
 3534.000000 -0.633067 160.858852
 3536.000000 -0.622029 164.617775
 3538.000000 -0.626027 163.332992
 3540.000000 -0.625664 163.486032
 3542.000000 -0.611755 167.911731
 3544.000000 -0.636846 159.675273
 3546.000000 -0.622971 164.469047
 3548.000000 -0.615201 166.962570
 3550.000000 -0.626658 163.309262
 3552.000000 -0.629591 162.346931
 3554.000000 -0.613973 167.431710
 3556.000000 -0.626705 163.386827
 3558.000000 -0.619812 165.674518
 3560.000000 -0.616551 166.730714
 3562.000000 -0.624391 164.248944
 3564.000000 -0.634255 160.908984
 3566.000000 -0.612936 167.930847
 3568.000000 -0.626989 163.476947
 3570.000000 -0.626700 163.605879
 3572.000000 -0.622473 165.034516
 3574.000000 -0.627367 163.443756
 3576.000000 -0.628954 162.937578
 3578.000000 -0.633038 161.557398
 3580.000000 -0.638704 159.568160
 3582.000000 -0.621704 165.445817
 3584.000000 -0.614923 167.611756
 3586.000000 -0.621772 165.483351
 3588.000000 -0.611855 168.598494
 3590.000000 -0.620490 165.955171
 3592.000000 -0.621161 165.769855
 3594.000000 -0.636198 160.684408
 3596.000000 -0.631979 162.206990
 3598.000000 -0.628440 163.456858
 3600.000000 -0.623731 165.062266
 3602.000000 -0.606021 170.510531
 3604.000000 -0.639924 159.491500
 3606.000000 -0.615942 167.636751
 3608.000000 -0.630714 162.831530
 3610.000000 -0.601366 171.918899
 3612.000000 -0.623485 165.322827
 3614.000000 -0.626042 164.507360
 3616.000000 -0.623706 165.311922
 3618.000000 -0.629474 163.408369
 3620.000000 -0.597529 173.083325
 3622.000000 -0.618858 166.962952
 3624.000000 -0.629449 163.503701
 3626.000000 -0.633019 162.298811
 3628.000000 -0.622910 165.754386
 3630.000000 -0.624944 165.115929
 3632.000000 -0.620573 166.571249
 3634.000000 -0.625604 164.956801
 3636.000000 -0.617074 167.738046
 3638.000000 -0.596898 173.514386
 3640.000000 -0.615146 168.388712
 3642.000000 -0.634035 162.177991
 3644.000000 -0.631292 163.170111
 3646.000000 -0.636315 161.431610
 3648.000000 -0.609498 170.204883
 3650.000000 -0.632296 162.913374
 3652.000000 -0.611066 169.803555
 3654.000000 -0.621399 166.634401
 3656.000000 -0.620650 166.905162
 3658.000000 -0.615692 168.493382
 3660.000000 -0.616135 168.385270
 3662.000000 -0.625445 165.425122
 3664.000000 -0.630294 163.813928
 3666.000000 -0.622105 166.584339
 3668.000000 -0.635108 162.190266
 3670.000000 -0.631652 163.438042
 3672.000000 -0.633335 162.881487
 3674.000000 -0.641253 160.058877
 3676.000000 -0.631512 163.584784
 3678.000000 -0.634534 162.556539
 3680.000000 -0.595823 174.423797
 3682.000000 -0.571105 179.818718
 3684.000000 -0.626874 165.280158
 3686.000000 -0.593244 175.145927
 3688.000000 -0.619794 167.653550
 3690.000000 -0.586221 176.856842
 3692.000000 -0.614939 169.222416
 3694.000000 -0.629513 164.520290
 3696.000000 -0.622636 166.849809
 3698.000000 -0.628493 164.929009
 3700.000000 -0.615405 169.198897
 3702.000000 -0.607369 171.610481
 3704.000000 -0.612749 170.060668
 3706.000000 -0.626993 165.549727
 3708.000000 -0.625196 166.180789
 3710.000000 -0.616472 169.012713
 3712.000000 -0.619201 168.185155
 3714.000000 -0.630923 164.325433
 3716.000000 -0.638006 161.847123
 3718.000000 -0.564006 181.512251
 3720.000000 -0.558280 182.381197
 3722.000000 -0.564924 181.409816
 3724.000000 -0.558111 182.447738
 3726.000000 -0.516527 185.410274
 3728.000000 -0.559573 182.282834
 3730.000000 -0.524734 185.319726
 3732.000000 -0.521119 185.424955
 3734.000000 -0.544160 184.166066
 3736.000000 -0.552333 183.315697
 3738.000000 -0.550143 183.591236
 3740.000000 -0.563882 181.759710
 3742.000000 -0.539514 184.647735
 3744.000000 -0.538984 184.708986
 3746.000000 -0.571138 180.601295
 3748.000000 -0.634814 163.310836
 3750.000000 -0.613976 170.227500
 3752.000000 -0.631710 164.463425
 3754.000000 -0.625731 166.535132
 3756.000000 -0.610237 171.433428
 3758.000000 -0.627022 166.158417
 3760.000000 -0.633495 163.955068
 3762.000000 -0.627039 166.214095
 3764.000000 -0.634720 163.582437
 3766.000000 -0.613461 170.621416
 3768.000000 -0.626439 166.504939
 3770.000000 -0.610161 171.662137
 3772.000000 -0.598675 174.879016
 3774.000000 -0.611644 171.275477
 3776.000000 -0.632078 164.680797
 3778.000000 -0.609168 172.061746
 3780.000000 -0.627548 166.296329
 3782.000000 -0.632775 164.523757
 3784.000000 -0.565506 182.087627
 3786.000000 -0.558093 183.216387
 3788.000000 -0.557857 183.269699
 3790.000000 -0.558547 183.195500
 3792.000000 -0.550164 184.268101
 3794.000000 -0.561929 182.748532
 3796.000000 -0.570104 181.438871
 3798.000000 -0.557884 183.371154
 3800.000000 -0.561101 182.935273
 3802.000000 -0.623434 167.909472
 3804.000000 -0.610252 172.044437
 3806.000000 -0.620177 169.021480
 3808.000000 -0.616570 170.187991
 3810.000000 -0.622547 168.311143
 3812.000000 -0.631204 165.420881
 3814.000000 -0.634234 164.386783
 3816.000000 -0.606340 173.345661
 3818.000000 -0.632902 164.914365
 3820.000000 -0.625440 167.502959
 3822.000000 -0.628436 166.521560
 3824.000000 -0.607974 172.994154
 3826.000000 -0.602220 174.629692
 3828.000000 -0.633785 164.742881
 3830.000000 -0.617039 170.356836
 3832.000000 -0.615153 170.968305
 3834.000000 -0.618739 169.877212
 3836.000000 -0.641245 162.150422
 3838.000000 -0.625309 167.802288
 3840.000000 -0.632973 165.204150
 3842.000000 -0.629947 166.289214
 3844.000000 -0.622381 168.856932
 3846.000000 -0.625306 167.921322
 3848.000000 -0.632380 165.530570
 3850.000000 -0.633291 165.240394
 3852.000000 -0.599838 175.643798
 3854.000000 -0.632147 165.697310
 3856.000000 -0.620036 169.786865
 3858.000000 -0.607203 173.700535
 3860.000000 -0.628471 167.051591
 3862.000000 -0.625928 167.940829
 3864.000000 -0.628306 167.166049
 3866.000000 -0.606779 173.934040
 3868.000000 -0.636400 164.382840
 3870.000000 -0.627862 167.403012
 3872.000000 -0.620502 169.864429
 3874.000000 -0.620811 169.792632
 3876.000000 -0.634902 165.035736
 3878.000000 -0.627963 167.484387
 3880.000000 -0.628091 167.469982
 3882.000000 -0.621892 169.560116
 3884.000000 -0.605061 174.675089
 3886.000000 -0.619967 170.233301
 3888.000000 -0.619666 170.356881
 3890.000000 -0.637738 164.210982
 3892.000000 -0.626805 168.073842
 3894.000000 -0.624810 168.770143
 3896.000000 -0.619245 170.606737
 3898.000000 -0.611979 172.872255
 3900.000000 -0.622020 169.768216
 3902.000000 -0.631895 166.464025
 3904.000000 -0.630149 167.100839
 3906.000000 -0.610835 173.324444
 3908.000000 -0.627548 168.045925
 3910.000000 -0.621903 169.947751
 3912.000000 -0.614071 172.437578
 3914.000000 -0.591911 178.511434
 3916.000000 -0.630865 167.013326
 3918.000000 -0.626916 168.394656
 3920.000000 -0.624348 169.281554
 3922.000000 -0.632190 166.637135
 3924.000000 -0.628731 167.864394
 3926.000000 -0.622059 170.118720
 3928.000000 -0.626001 168.845312
 3930.000000 -0.623579 169.677736
 3932.000000 -0.612725 173.121434
 3934.000000 -0.626310 168.823736
 3936.000000 -0.632075 166.874096
 3938.000000 -0.596128 177.801373
 3940.000000 -0.605696 175.270352
 3942.000000 -0.629134 167.970932
 3944.000000 -0.614520 172.738951
 3946.000000 -0.620182 170.994823
 3948.000000 -0.599656 177.020054
 3950.000000 -0.635859 165.713967
 3952.000000 -0.630923 167.489153
 3954.000000 -0.636349 165.597294
 3956.000000 -0.623645 170.011116
 3958.000000 -0.612270 173.612387
 3960.000000 -0.630210 167.848841
 3962.000000 -0.620862 170.999409
 3964.000000 -0.625593 169.474361
 3966.000000 -0.625333 169.589253
 3968.000000 -0.617079 172.281230
 3970.000000 -0.628749 168.489699
 3972.000000 -0.625174 169.724969
 3974.000000 -0.608349 174.982782
 3976.000000 -0.598325 177.751220
 3978.000000 -0.604190 176.204428
 3980.000000 -0.629612 168.322105
 3982.000000 -0.633692 166.925393
 3984.000000 -0.632065 167.527980
 3986.000000 -0.623794 170.369807
 3988.000000 -0.624230 170.253285
 3990.000000 -0.617196 172.542094
 3992.000000 -0.632432 167.509802
 3994.000000 -0.629272 168.636577
 3996.000000 -0.632815 167.432687
 3998.000000 -0.638885 165.279611
 4000.000000 -0.619058 172.099576
 4002.000000 -0.549674 187.048304
 4004.000000 -0.627922 169.230474
